#ifndef PROBABLY_H
#define PROBABLY_H

// Motion  1
int nS_1 =  5;
float a_1[25] = {
0.6549478047034404, 4.777600598384387e-06, 0.17132135633434706, 8.737091968683652e-05, 0.173638690441927,
0.0009423800195484921, 0.9987482105505328, 2.149131982459068e-08, 0.00027900481386648176, 3.0383124732693585e-05,
8.87318248256995e-06, 6.97693718135667e-11, 0.8712819842979896, 0.12870913952523771, 2.924520684281228e-09,
0.0003168008067209119, 0.07936256369561441, 1.5127257949321592e-07, 0.9202161649584151, 0.00010431926667011214,
0.10200002395240658, 1.2344985766194549e-11, 5.497789096531263e-06, 1.0535277500701541e-07, 0.897994372893377};
float b_1[45] = {
0.9816308494912973, 1.984844653224607e-11, 1.2289498018575797e-12, 0.01836885253305011, 0.0, 5.3631855174639724e-21, 1.9332405365794365e-36, 2.9795457426988573e-07, 0.0,
0.23384213348229052, 1.2003538829099523e-09, 5.85989313037705e-20, 8.132700535929111e-16, 0.0, 0.7377816480829057, 0.02837621723444773, 9.801548637498255e-34, 0.0,
0.03536395720184, 4.426745017647113e-08, 6.448598245946679e-16, 6.244512585418937e-16, 0.0, 7.727494943607457e-30, 1.770324446072712e-51, 0.964635998530709, 0.0,
0.3058820565334921, 0.6842017962823895, 0.009915968469477473, 3.783341364003914e-15, 0.0, 8.830810182222111e-12, 1.5124594606460382e-24, 1.7870580634313468e-07, 0.0,
0.006730223752047553, 1.7195890950961713e-23, 1.8003372436336244e-25, 0.9932697762478672, 0.0, 8.756521079655792e-14, 1.0105677578441838e-31, 4.448352696685581e-25, 0.0};
float pi_1[5] = {
0.9958867194655879, 1.9826665995036565e-06, 4.6029261030332296e-10, 0.0039945146382086814, 0.00011678276931133898};
// Motion  3
int nS_3 =  5;
float a_3[25] = {
0.746094482309457, 0.25390551176142995, 5.9291130275918014e-09, 2.983815336744016e-19, 1.719550121549557e-16,
0.0005348006796133687, 0.7934168337389393, 0.20604836557812722, 6.009782846701188e-25, 3.319993114523645e-12,
9.318227448818509e-18, 3.1966036664821144e-14, 0.6951707199627455, 0.02209078755566126, 0.2827384924815607,
0.17978933084306356, 6.113506379855596e-09, 6.855008850322919e-05, 0.7521771945074576, 0.0679649184474696,
1.4982899925386324e-10, 4.354906608389552e-19, 9.773400969180789e-06, 0.25364036916859073, 0.7463498572806111};
float b_3[45] = {
3.934635369673427e-06, 0.7459149548032944, 0.23697973497321634, 1.0729535620384109e-05, 8.730007398083898e-22, 7.45402837492113e-16, 9.513514358011002e-14, 1.1333577492010803e-05, 0.017079312474911155,
8.52222610210319e-22, 0.037007586734262785, 3.6578674301519806e-09, 1.8872654347851742e-22, 1.2235423667353351e-32, 1.8715112044274896e-24, 3.891824648419524e-05, 0.46172868749969187, 0.5012248038616941,
1.6917785248261585e-06, 2.1175511653675093e-32, 4.607570508768407e-26, 4.033767975518553e-09, 4.2802678941040515e-05, 0.22449153408070066, 0.7726565405829734, 0.0028074268450923277, 4.138031461742463e-18,
0.4144798612427803, 1.4492741448348888e-09, 0.0002958140650661905, 0.5596833042193529, 0.0014193603030446273, 0.02412165490907885, 3.81140170040763e-09, 1.0268883174858677e-28, 4.27941171071096e-53,
0.0003980703267420532, 2.95921005450632e-29, 1.1059580977204264e-19, 0.005129295686372742, 0.6793688973486536, 0.3149253866474509, 0.00017834999078033861, 8.122104779620913e-19, 4.846366552807115e-41};
float pi_3[5] = {
1.1749999343748279e-27, 1.368679361877193e-51, 1.3237738724559799e-15, 0.9999999999953442, 4.653485703253643e-12};
// Motion  kringel
int nS_kringel =  4;
float a_kringel[16] = {
0.8409641591287093, 0.15903390066437753, 3.5401961626584047e-25, 1.940206912309007e-06,
1.8452574741878774e-22, 0.8315896727521408, 0.16841032724785912, 1.9996915567586755e-28,
3.1066992231461144e-13, 2.519611119003721e-22, 0.8137265131556377, 0.186273486844051,
0.22698124869026395, 2.9491780698832115e-11, 3.879905909163755e-11, 0.7730187512414448};
float b_kringel[36] = {
1.9843336838001596e-08, 0.2384936557649505, 3.0872808263869807e-05, 1.486771883111144e-37, 3.607425613960627e-25, 4.3594874855149097e-07, 0.012649872583525597, 0.4605761997150601, 0.28824894333611467,
0.7669451905250679, 5.5873945080236636e-05, 0.2329542912773574, 4.3732174358834636e-05, 6.1175234576469e-15, 3.292717070633929e-09, 1.800656358985085e-46, 9.087854119814917e-07, 1.1577516721854133e-37,
2.8651671344341143e-08, 1.9524145836935607e-41, 1.388105677630518e-05, 0.46563127109052893, 0.5121541177438069, 0.022200701452197272, 5.019131200254085e-12, 3.143324987889374e-32, 1.6631310316917904e-39,
8.734548466880106e-20, 1.6378743243199754e-11, 5.0993122738641166e-27, 1.287530067332938e-11, 0.00011937714116560173, 0.5403935122804443, 0.4500887955209396, 0.0093982940733345, 2.095486185444681e-08};
float pi_kringel[4] = {
1.424873297756768e-39, 1.0, 5.297876891457877e-79, 3.372217806048254e-97};
// Motion  4
int nS_4 =  4;
float a_4[16] = {
0.7488378814532078, 0.18835016003828228, 0.015571728260532066, 0.0472402302479789,
0.04168005291600913, 0.7973468724856106, 0.10892280157563976, 0.05205027302274048,
0.022212063902847277, 0.09290336678145222, 0.5027711350119434, 0.38211343430375644,
0.0033569706605538915, 0.2424608548663523, 0.22332263186103066, 0.530859542612064};
float b_4[36] = {
0.07486879695587857, 8.82382499301632e-06, 0.0, 1.008571242249091e-06, 0.7816846332640977, 0.14336987474210425, 7.552602295438027e-06, 8.833767344107004e-07, 5.842666265403239e-05,
0.7894894043262694, 1.3112209711858787e-05, 0.0, 1.4362489568300185e-05, 3.6078208581255787e-09, 0.00011408050557705255, 0.0009170632178053753, 0.20945119329027398, 7.803529748267923e-07,
0.13171903370887322, 0.3917275459905899, 0.0, 0.10124408142598239, 5.709427173211672e-10, 0.22602888416976935, 0.0006456194693233699, 9.968738302058484e-06, 0.14862486592621713,
0.013898365809285395, 0.16658524980025632, 0.0, 0.3174700818264992, 1.0624909144157065e-09, 0.19272948189635516, 0.009853045261214216, 6.960066781698741e-06, 0.2994568142771169};
float pi_4[4] = {
1.3490253735056029e-10, 0.9999999998643943, 7.046923152653429e-13, 1.3481227202241491e-20};
// Motion  6
int nS_6 =  4;
float a_6[16] = {
0.8947374924702475, 0.03725926477202206, 0.06800324275772983, 4.935455843441125e-23,
2.383812689619503e-24, 0.015073317241468168, 0.9650340697162052, 0.019892613042326947,
1.6092283658840245e-22, 0.7955274016152812, 0.001990596054673028, 0.20248200233004546,
0.029218332413335504, 0.03703853564200848, 0.021445858685514345, 0.912297273259141};
float b_6[36] = {
0.9999941025725774, 2.772264924210954e-09, 7.514483083183547e-29, 8.108627824565648e-07, 1.8168041350309622e-18, 6.044509578910915e-11, 8.513352297325725e-13, 5.083731077875199e-06, 5.44571181398499e-22,
9.086835514103326e-13, 0.4027024647066134, 6.908226997936177e-07, 7.808170691716464e-12, 2.0043166748524326e-10, 0.004712752139081845, 0.22635829604937602, 0.170476033180186, 0.19574976289289492,
1.0711026091302235e-09, 0.47140861691030644, 0.00268731820750323, 3.006247256614613e-08, 3.0546286371361125e-09, 0.008391310516442015, 0.16427951266823598, 0.20201016816125672, 0.15122303934805126,
7.039212994531221e-14, 1.836038846795534e-05, 0.24701911682620092, 0.4755126536304183, 0.19872190319756308, 0.07862098158903653, 0.0001069843680666184, 7.254971056997857e-14, 1.0437419718104354e-13};
float pi_6[4] = {
1.0, 1.194149802790136e-95, 2.0745217951797652e-76, 3.284805262679128e-60};

/*// Motion  1
float a_1[5][5] = {
{0.8642041016309346, 0.02271322234536315, 0.11077311662853302, 0.002309559391088801, 4.080694605870557e-12},
{1.2900431260816518e-09, 0.9082078238827227, 1.552961968460577e-06, 6.751225666208992e-09, 0.09179061511403994},
{0.12206592705193624, 0.09497012953601923, 0.6715936000152106, 0.11137034264388487, 7.529496333819607e-10},
{0.00044627262271929437, 1.9423900019433447e-19, 0.09955186728253768, 0.9000018600947391, 4.231787320803589e-15},
{7.114787681908563e-06, 0.0002460075514400743, 0.07070183153668556, 1.799249720856969e-15, 0.9290450461241905}};

float b_1[5][9] = {
{0.05381363556159509, 2.7947452485598673e-14, 5.728105729040693e-41, 3.3906588656466514e-06, 0.0, 1.957753750756495e-22, 1.213942248454845e-38, 0.9461829737795105, 0.0},
{0.19803245409891457, 0.7903587184661646, 0.011454474256744151, 1.019706579819671e-35, 0.0, 0.00015435312540948765, 5.274442913693227e-11, 2.2627202302748397e-14, 0.0},
{0.9925547878237161, 2.047336589305828e-09, 1.247050326707038e-28, 8.698453103205001e-07, 0.0, 7.26401691963969e-13, 2.0563382067767664e-24, 0.007444340282908915, 0.0},
{3.578493415285535e-05, 4.0655811820702383e-38, 1.4079190343870025e-64, 0.9999642150658083, 0.0, 7.88614521762664e-38, 3.60082760030385e-69, 3.6131354452315553e-14, 0.0},
{0.03486777298170329, 5.88591827980276e-09, 5.785806024762533e-12, 1.4962651931131732e-33, 0.0, 0.929377661063208, 0.035754560063385066, 2.4815604908649343e-24, 0.0}};

float pi_1[1][5] = {
{5.6524214320563944e-05, 4.948145320739391e-18, 0.9999434757856802, 1.0155453220343147e-22, 4.261913801073966e-17}};

// Motion  3
float a_3[5][5] = {
{0.7956297111427932, 1.3394834995475246e-08, 3.7760114834975435e-26, 6.707559225129373e-13, 0.20437027546170186},
{8.290259560288415e-13, 0.7082252266350788, 0.29177262642844, 1.35353925902493e-13, 2.146935516834271e-06},
{7.880277070291439e-17, 8.854358705618116e-13, 0.6103734287331762, 0.3896265712659388, 2.2519706879536073e-19},
{0.4220325804610657, 1.4221054154686175e-29, 2.286354495762654e-11, 0.5779674195160712, 3.6554616261010364e-27},
{2.2084002076525385e-07, 0.14366123364809785, 3.4173259468826515e-12, 1.0877634281480579e-26, 0.8563385455084634}};

float b_3[5][9] = {
{0.2802665894827188, 1.96460685722919e-36, 7.60118924934194e-33, 5.507374124509031e-09, 0.0008484140557626867, 0.358763099610303, 0.36011259191963324, 9.299424209513356e-06, 3.7205024961214966e-42},
{0.04515667888247471, 0.9174452330956558, 0.03684410384667608, 0.0005341544822625246, 7.466383609015458e-06, 1.394572555491352e-17, 3.1153431156403514e-34, 4.950966125553061e-40, 1.2363309322056713e-05},
{1.3177442911920962e-10, 0.0029217701231191388, 6.715717273479414e-27, 5.133190758621196e-30, 9.457278136904902e-19, 7.382853277911792e-44, 1.6489332100349928e-23, 0.0004267669182926664, 0.9966514628268137},
{2.7935247669959257e-25, 1.760967457966075e-21, 8.884208097047039e-64, 6.836322369917922e-36, 2.4878479317308433e-38, 8.63371182882904e-16, 0.022642403675685097, 0.9754621001479005, 0.0018954961764127529},
{0.023506242732246725, 0.000515961677911337, 0.12495492287947266, 0.4090531378993645, 0.4419584920521274, 1.124275887647723e-05, 4.132655678482118e-28, 1.2640736992333533e-47, 1.5554676780164115e-25}};

float pi_3[1][5] = {
{1.0, 2.381674282590136e-24, 7.087847868636591e-48, 7.341639345210634e-52, 2.3485853925158885e-28}};

// Motion  kringel
float a_kringel[5][5] = {
{0.8806638100060736, 0.05114318690121188, 1.1057536937601684e-07, 1.6525646887527456e-28, 0.06819289251734566},
{1.252182303870048e-27, 0.8873279033685465, 7.414109362202232e-26, 1.3496719840700894e-09, 0.11267209528178147},
{0.37651898811532414, 4.841822972415676e-06, 0.6234761700348532, 2.6850353528967872e-11, 2.6418220340343805e-19},
{0.003774106513051666, 8.269380187018489e-29, 0.40172523190919496, 0.5945006218122906, 3.9765463258639536e-08},
{1.8708455702620194e-21, 2.918311408144313e-25, 1.397928517142772e-13, 0.19404182193926647, 0.805958178060594}};

float b_kringel[5][9] = {
{2.0085010501829288e-07, 0.2013591659932719, 0.22647800560833115, 2.3478598599264768e-08, 9.852889027174325e-29, 1.0009304562510882e-13, 3.8318999172265516e-05, 0.3372052618246243, 0.23491902324579744},
{0.9999645834438217, 1.662315541094734e-47, 1.0261296645458873e-12, 2.8606691571651674e-06, 9.000478073639793e-11, 2.9902922787242075e-05, 7.321227287333818e-51, 2.6528732036465758e-06, 2.063050184267709e-65},
{1.2277013441751859e-12, 1.0425895082424192e-15, 1.0864068007783868e-15, 3.0175677548503677e-33, 2.6563804596380246e-22, 0.0037730449745425774, 0.8337117643107331, 0.1625151800548021, 1.065869190466905e-08},
{2.752740866694936e-24, 1.5236538330427966e-59, 1.4313284152645705e-30, 1.9776789697545647e-10, 0.02280297334186722, 0.9754613064496055, 0.0017357192872810535, 7.234781456155161e-10, 1.5667637847712935e-39},
{2.195838198194631e-08, 3.9791850683984025e-40, 7.38011414511252e-05, 0.46084657701956266, 0.5227031527367597, 0.016376447143842728, 5.770964566758824e-25, 1.8792512154172685e-15, 3.1304750124696315e-48}};

float pi_kringel[1][5] = {
{8.520619252858117e-38, 1.0, 6.907813733779403e-51, 1.1752978932926907e-74, 7.407080285125357e-75}};

// Motion  4
float a_4[3][3] = {
{0.6610374598883954, 0.0003803057166619672, 0.3385822343949421},
{0.03949091789002342, 0.8635121510358634, 0.09699693107411245},
{0.6761298631754397, 0.10878348124652773, 0.2150866555780335}};

float b_4[3][9] = {
{0.5020281965927467, 0.12074933634036422, 0.00420663103964993, 0.11638313973991336, 2.2147890289414323e-13, 0.11937184609156286, 0.008139699078000818, 0.12912111786971953, 3.324782138637019e-08},
{0.13353458992252057, 8.785083366615147e-05, 1.095682999729334e-10, 0.0001177880176313807, 0.337339876802308, 0.02634271064411235, 7.153032740131185e-08, 0.025589111781518847, 0.47698800035834715},
{0.37608046086247227, 0.1766978348448801, 0.0018535981753281298, 0.12047130082117874, 7.587848016150441e-07, 0.17017911007749595, 0.0042979673777142815, 0.14970964341006607, 0.0007093256460613355}};

float pi_4[1][3] = {
{0.9463164847182104, 9.706329728198393e-10, 0.05368351431115683}};

// Motion  6
float a_6[4][4] = {
{0.8961044032303025, 0.10389559676969841, 4.80126307454356e-34, 8.869097227515535e-19},
{1.0309782941735301e-30, 0.8767236758907079, 0.1232763241092929, 1.2479464417855108e-19},
{0.06741817586141954, 1.4959994653051771e-09, 0.8247124307438042, 0.10786939189877673},
{7.837165865822286e-19, 0.11260322338359283, 1.390833402266916e-18, 0.8873967766164077}};

float b_6[4][9] = {
{0.9999954165135311, 8.114630014327294e-10, 3.6603479560863065e-28, 3.751651111715992e-10, 2.272206575753643e-57, 2.917950488469291e-86, 1.0892978710932336e-43, 4.5822998409595e-06, 1.421955257065026e-26},
{1.6904067213065776e-12, 0.43917176983583733, 0.15283021649784934, 3.096346684967213e-08, 1.6379720901553732e-32, 8.556641135783852e-47, 3.621442251486062e-07, 0.20767359526849014, 0.20032402528844184},
{9.61808079029235e-14, 2.207546469059535e-07, 0.14468165332795374, 0.855314930399999, 3.1955173035530836e-06, 8.417998577758867e-35, 4.811448531217774e-28, 1.1403780274182763e-20, 2.61744228206935e-22},
{2.313628101781349e-41, 4.120501500682449e-30, 1.2545516370373312e-19, 7.242838436105375e-06, 0.40818308174564033, 0.1970555770398776, 0.394110492499449, 0.0006436058765967937, 2.0033129256659407e-21}};

float pi_6[1][4] = {
{1.0, 2.1090019313808837e-115, 2.9542257938921266e-74, 9.576938026353946e-114}};*/

#endif
